subjectID,s1,s2,s3,s4,s5,s6,s7,s8,s9,s10,s11,s12,s13,s14,s15,s16,s17,s18,s19,s20
sub1,4,2,4,4,4,2,4,3,2,3,2,4,2,4,1,4,4,3,4,4
sub2,4,1,4,4,1,4,2,2,1,4,2,4,4,4,1,1,1,1,4,2
sub3,3,2,3,3,3,3,3,4,4,3,4,4,3,4,3,4,3,4,3,3
sub4,4,1,4,4,1,4,4,2,3,4,2,4,4,4,2,4,1,3,4,2
sub5,4,1,4,4,2,3,4,3,4,4,3,3,4,4,3,3,4,3,3,3
sub6,4,1,4,4,1,2,4,2,2,4,1,4,4,4,2,4,3,4,4,2
sub7,4,1,4,4,1,3,4,1,1,4,1,1,4,4,2,3,1,1,4,2
sub8,4,2,4,3,1,2,3,2,1,4,1,3,3,2,1,2,2,1,3,1
sub9,4,1,4,3,2,3,4,1,2,4,1,3,4,4,2,4,2,2,4,3
sub10,2,1,2,2,3,2,4,2,3,2,4,1,3,2,3,2,4,2,4,2
sub11,4,3,3,3,4,2,3,4,3,4,2,4,3,3,4,3,3,3,4,3
sub12,4,3,4,4,3,3,4,3,4,4,3,3,4,3,4,3,3,4,4,3
sub13,4,1,4,4,1,3,4,2,2,4,2,4,4,4,2,2,3,3,4,3
sub14,4,2,2,2,2,2,2,2,2,2,2,2,2,2,2,2,2,4,4,3
sub15,3,4,2,3,3,4,4,3,2,4,4,3,2,4,3,2,4,4,3,2
sub16,3,3,3,2,2,2,1,3,1,3,2,3,3,2,2,3,3,1,3,3
sub17,2,2,1,3,2,2,2,3,3,2,1,4,1,1,4,1,2,4,3,3
sub18,3,2,2,4,3,3,4,3,3,3,3,4,3,3,2,2,3,3,3,3
sub19,4,1,4,2,1,4,2,1,2,4,1,1,4,4,1,1,1,1,4,1
sub20,4,2,3,2,3,4,2,3,2,4,3,2,4,3,3,2,2,3,1,2
sub21,4,1,4,4,3,1,4,1,1,4,1,1,4,4,1,4,1,1,4,1
sub22,2,2,3,4,2,4,2,4,2,3,4,4,3,4,2,4,4,4,4,4
sub23,4,1,4,3,1,2,4,1,1,4,1,1,4,4,2,4,1,3,4,4
sub24,2,3,1,2,3,5,3,4,2,3,2,3,4,4,3,4,2,4,2,3
sub25,4,2,4,4,1,2,4,1,2,4,2,1,4,4,2,4,2,2,4,2
sub26,4,4,5,5,4,5,4,4,4,4,5,4,3,4,5,3,4,4,4,4
sub27,4,1,4,4,1,2,4,1,1,4,1,1,4,4,1,4,1,1,4,1
sub28,4,2,4,3,1,2,3,2,1,4,2,4,3,4,2,3,2,3,3,3
sub29,3,2,2,3,4,4,2,3,2,1,2,4,1,3,3,1,2,3,1,2
sub30,3,2,4,4,3,2,3,2,4,4,3,2,4,4,3,2,4,4,3,2
sub31,3,1,4,3,1,2,4,2,1,4,3,4,3,3,2,4,2,1,2,4
sub32,4,1,4,3,1,2,4,2,1,4,1,2,4,4,3,2,1,1,4,2
sub33,4,3,3,2,3,4,3,4,3,4,4,2,3,4,4,2,2,2,3,3
sub34,3,2,2,3,1,2,3,1,2,3,1,3,2,2,2,3,2,1,4,2
sub35,4,3,4,3,3,2,2,3,2,2,2,4,3,2,4,3,1,3,2,3
sub36,3,2,4,3,4,3,4,3,4,4,3,3,4,3,4,3,3,4,3,4
sub37,2,1,2,1,2,4,4,1,1,2,1,1,4,4,2,3,1,1,4,1
sub38,3,3,4,3,2,4,3,3,4,3,3,4,3,4,3,4,2,3,4,3
sub39,4,1,4,4,1,2,4,1,1,4,1,1,4,4,3,2,1,2,4,3
sub40,3,1,3,1,2,3,4,2,1,3,1,2,3,3,2,3,1,1,4,1
sub41,2,2,2,2,1,3,3,2,3,1,2,2,1,1,2,1,2,2,2,2
sub42,4,2,4,3,1,3,4,2,2,4,1,4,4,3,2,3,2,2,4,3
sub43,3,3,3,2,2,3,4,2,2,4,2,2,3,4,3,3,2,2,4,2
sub44,4,3,4,3,3,3,4,3,4,4,3,4,3,3,2,4,3,3,3,3
sub45,3,2,3,2,1,3,3,1,2,3,2,2,3,3,2,3,1,1,3,1
sub46,3,2,4,4,2,3,4,3,2,4,3,2,4,4,3,4,3,4,4,3
sub47,3,3,4,4,3,4,3,4,3,4,4,4,2,4,4,3,4,3,4,3
sub48,2,2,2,3,4,3,2,4,3,2,3,3,3,2,2,1,2,4,4,2
sub49,4,1,4,3,1,1,4,2,4,1,4,4,2,2,3,4,1,1,2,2
sub50,4,1,4,4,1,3,4,2,2,4,2,4,4,4,2,3,2,2,4,3
sub51,4,1,4,4,1,3,4,2,2,4,2,4,3,4,2,4,2,2,3,2
sub52,4,3,4,3,4,3,3,4,2,4,2,4,3,4,2,3,3,4,4,3
sub53,3,2,1,2,3,3,2,3,3,4,4,1,3,3,1,2,4,2,2,2
sub54,4,3,4,4,1,3,4,3,4,3,2,4,3,3,1,3,2,2,4,3
sub55,3,4,2,4,4,4,4,3,4,4,3,4,4,4,4,3,4,4,3,3
sub56,4,2,4,4,1,2,4,3,2,4,3,2,4,3,2,4,4,2,3,4
sub57,2,1,2,2,1,3,4,1,1,3,1,1,3,3,1,3,1,1,3,1
sub58,4,2,4,4,1,4,4,2,3,4,1,1,4,4,1,3,1,1,4,1
sub59,3,2,3,3,2,2,2,3,2,1,2,4,3,3,3,3,2,3,3,2
sub60,4,2,2,3,3,4,4,3,3,4,2,4,2,2,3,2,3,3,4,3
sub61,4,1,3,2,1,3,4,1,1,4,1,2,4,4,2,4,1,1,4,1
sub62,2,1,3,1,3,2,3,4,2,1,3,2,2,5,2,2,1,2,2,1
sub63,2,3,1,4,3,3,3,2,4,2,2,4,2,4,3,2,3,3,2,3
sub64,4,1,4,2,1,4,1,1,1,4,1,1,4,4,1,4,1,1,4,1
sub65,4,2,3,1,1,3,2,1,3,3,2,2,4,3,1,4,2,1,3,1
sub66,4,1,4,2,1,4,1,2,2,4,1,1,4,4,3,1,1,1,4,1
sub67,3,2,2,4,2,2,3,2,4,2,3,2,3,4,2,2,3,4,4,2
sub68,4,3,4,3,3,3,4,3,4,3,3,3,4,2,3,3,2,3,4,2
sub69,4,1,3,3,1,4,4,2,2,4,2,1,4,4,2,2,2,2,2,2
sub70,4,1,4,4,1,4,4,2,1,4,1,1,4,4,1,3,4,3,4,3
sub71,2,4,3,2,3,3,4,2,3,4,2,4,1,3,4,2,4,3,4,2
sub72,2,3,4,4,2,3,4,2,4,2,3,2,4,2,3,3,3,4,4,3
sub73,4,1,4,4,1,1,4,1,1,4,1,1,1,4,1,4,1,1,4,2
sub74,4,1,4,4,1,3,4,1,2,4,1,4,4,4,2,3,2,2,4,3
sub75,4,3,4,3,4,3,3,4,3,4,4,3,3,3,3,4,3,4,4,3
sub76,4,2,2,4,2,3,4,2,3,4,2,4,2,4,2,4,2,3,4,2
sub77,4,2,3,2,2,3,3,2,2,4,2,2,4,4,4,4,4,3,4,2
sub78,1,3,1,4,4,2,3,3,2,1,3,4,1,3,3,1,2,3,2,3
sub79,1,2,1,4,3,1,2,4,4,1,2,4,1,1,4,1,4,4,2,4
sub80,4,1,4,3,1,3,4,2,2,4,1,4,4,4,2,3,2,3,4,3
sub81,1,1,3,2,3,4,5,4,1,1,3,3,3,1,5,3,2,4,1,1
sub82,4,2,4,2,1,2,4,1,1,4,2,1,4,4,1,4,2,1,4,1
sub83,2,2,4,4,3,3,3,2,2,4,2,1,4,4,2,2,2,2,3,2
sub84,2,4,4,3,4,3,4,3,2,3,4,4,3,4,3,3,4,3,3,2
sub85,4,1,1,2,4,2,4,2,1,4,2,1,4,4,1,3,2,2,4,4
sub86,3,4,2,4,2,4,3,2,4,4,2,3,3,2,4,4,3,1,3,2
sub87,4,1,1,2,4,3,4,1,4,4,1,1,4,4,1,2,3,1,4,2
sub88,4,2,4,4,1,3,4,2,2,4,2,1,4,4,1,4,2,1,4,1
sub89,2,1,2,3,2,3,1,3,2,4,2,3,3,3,2,4,4,3,2,4
sub90,4,1,4,3,1,4,4,3,2,4,2,2,4,3,3,3,3,2,4,2
sub91,4,2,4,3,4,4,3,4,4,5,4,2,4,4,3,2,4,4,3,2
sub92,3,2,1,2,3,3,4,4,2,2,4,3,4,2,2,3,1,4,2,3
sub93,4,2,3,4,1,2,4,2,2,3,1,1,3,4,1,3,1,1,3,1
sub94,4,2,4,4,2,3,4,2,2,4,2,2,4,3,2,4,2,1,4,2
sub95,4,2,4,2,1,4,4,1,1,4,1,1,4,4,1,3,1,4,4,2
sub96,3,2,4,2,3,2,3,2,3,4,2,4,4,4,3,4,3,3,4,3
sub97,4,1,4,4,1,4,4,4,4,4,1,1,4,4,1,4,3,4,4,3
sub98,4,2,3,2,2,4,3,2,2,3,1,3,2,2,2,3,1,2,3,2
sub99,4,2,4,4,1,3,4,2,2,4,1,4,4,4,2,3,2,2,4,4
sub100,2,2,2,3,1,3,3,1,2,2,1,2,3,3,1,2,2,1,3,2
sub101,4,1,4,4,1,2,4,1,1,4,1,1,4,4,1,3,1,1,4,1
sub102,3,2,3,3,1,1,2,3,2,3,2,3,2,3,2,2,2,2,2,3
sub103,4,2,4,3,1,3,4,2,1,4,3,4,4,4,1,3,1,2,4,2
sub104,3,2,3,2,2,4,3,1,2,3,2,2,3,3,2,3,2,2,3,1
sub105,4,3,3,2,4,3,4,2,3,2,3,4,2,2,3,3,2,3,4,3
